32 3 6 6 

0.587486982345581 0.21068042516708374 0.29924917221069336 0.5680784583091736 0.2462877631187439 0.8343466520309448 
0.10683858394622803 0.465135395526886 0.5116455554962158 0.48697787523269653 0.8945630788803101 0.13264387845993042 
0.7990210056304932 0.10743921995162964 0.8499148488044739 0.22898149490356445 0.5702929496765137 0.02220737934112549 
0.563331127166748 0.14334696531295776 0.7291066646575928 0.831215500831604 0.6314368844032288 0.4368324875831604 
0.5540847182273865 0.9579082131385803 0.961381196975708 0.42520827054977417 0.1383352279663086 0.9529250860214233 
0.21019619703292847 0.2544141411781311 0.6144126653671265 0.7355813980102539 0.4658052921295166 0.4287217855453491 

0.7666650414466858 0.2906652092933655 0.21736085414886475 0.9742105007171631 0.8292921781539917 0.1420615315437317 
0.8005760312080383 0.506341814994812 0.6204021573066711 0.02488023042678833 0.3503180742263794 0.0496675968170166 
0.44095706939697266 0.6748798489570618 0.43838053941726685 0.43062227964401245 0.8914546370506287 0.07884234189987183 
0.3785160779953003 0.7977762222290039 0.31000185012817383 0.9003540277481079 0.00041663646697998047 0.533202588558197 
0.8200347423553467 0.48137789964675903 0.21304672956466675 0.4384111762046814 0.34646064043045044 0.864543616771698 
0.4277799725532532 0.6866931319236755 0.3834869861602783 0.8771529197692871 0.5069739818572998 0.9079367518424988 

0.5624160766601562 0.7910109162330627 0.921746551990509 0.9489486813545227 0.31235218048095703 0.7279914617538452 
0.08808594942092896 0.0751802921295166 0.13481134176254272 0.29643428325653076 0.2661204934120178 0.06506383419036865 
0.5830985903739929 0.155722975730896 0.5009909272193909 0.18116843700408936 0.17867249250411987 0.43206262588500977 
0.9159901738166809 0.4888390898704529 0.7791619896888733 0.3792373538017273 0.8538334965705872 0.5883222222328186 
0.8963266611099243 0.8854214549064636 0.13755100965499878 0.33797961473464966 0.45950233936309814 0.5227343440055847 
0.5330157279968262 0.12377196550369263 0.8098234534263611 0.3969925045967102 0.9687663912773132 0.5109003186225891 


0.8691449761390686 0.9582229256629944 0.7689010500907898 0.2756531238555908 0.3091832995414734 0.04211544990539551 
0.8866259455680847 0.7704052925109863 0.2521948218345642 0.38214731216430664 0.23247939348220825 0.7921338677406311 
0.8639243841171265 0.9128930568695068 0.8202912211418152 0.7034570574760437 0.4045677185058594 0.4677892327308655 
0.5217849612236023 0.6684595346450806 0.9533456563949585 0.5817970037460327 0.45647114515304565 0.7204643487930298 
0.5131582617759705 0.1602957844734192 0.10475468635559082 0.4170912504196167 0.4971672296524048 0.37809568643569946 
0.5439570546150208 0.06679123640060425 0.8646228313446045 0.4327298402786255 0.34009790420532227 0.9892857670783997 

0.4391200542449951 0.508630096912384 0.2682609558105469 0.41866493225097656 0.5282081961631775 0.3990669250488281 
0.11834460496902466 0.6625756025314331 0.4786961078643799 0.07111483812332153 0.9382811188697815 0.6891859173774719 
0.37891966104507446 0.8918324112892151 0.7408056259155273 0.11139482259750366 0.6383325457572937 0.9898338317871094 
0.09499067068099976 0.5659865140914917 0.9635475873947144 0.08484697341918945 0.37717390060424805 0.5990952253341675 
0.16328305006027222 0.9558321833610535 0.7371029853820801 0.06626653671264648 0.028335511684417725 0.9694629907608032 
0.33052194118499756 0.9135207533836365 0.140860915184021 0.6622022986412048 0.6499212384223938 0.07036298513412476 

0.8397764563560486 0.0631721019744873 0.9220696091651917 0.3091909885406494 0.7665842175483704 0.7761635184288025 
0.17402178049087524 0.5222958326339722 0.9263225793838501 0.814289391040802 0.16259700059890747 0.9380887746810913 
0.13602054119110107 0.05195748805999756 0.01669621467590332 0.6343348026275635 0.8409764170646667 0.6651910543441772 
0.24521183967590332 0.27695232629776 0.38932013511657715 0.03626203536987305 0.5091032981872559 0.5768159627914429 
0.90079265832901 0.6975892186164856 0.9450331330299377 0.15449154376983643 0.3276160955429077 0.2962101101875305 
0.6302821636199951 0.26936250925064087 0.6173807978630066 0.8687021136283875 0.37988877296447754 0.7672038674354553 


0.7137402296066284 0.3253777027130127 0.3586592674255371 0.4456729292869568 0.6390332579612732 0.3402080535888672 
0.9214211702346802 0.028117895126342773 0.9715926647186279 0.40716439485549927 0.905105471611023 0.4343199133872986 
0.14296305179595947 0.45536357164382935 0.9339085817337036 0.5560572743415833 0.5213431119918823 0.45624279975891113 
0.14220941066741943 0.6756070256233215 0.3917871117591858 0.4138423204421997 0.7942824363708496 0.5762242674827576 
0.7692413330078125 0.18144387006759644 0.8121967911720276 0.06174343824386597 0.10713577270507812 0.18259167671203613 
0.5789788365364075 0.39627939462661743 0.6995781064033508 0.5407530665397644 0.21825438737869263 0.810278058052063 

0.20921236276626587 0.41066867113113403 0.3517140746116638 0.23824477195739746 0.3931027054786682 0.5269396305084229 
0.23009198904037476 0.47457176446914673 0.40584832429885864 0.8925055861473083 0.9210556149482727 0.3047064542770386 
0.6336800456047058 0.9523882865905762 0.964836835861206 0.27672314643859863 0.4148610234260559 0.6962876915931702 
0.9698196053504944 0.29797929525375366 0.2445952296257019 0.49622923135757446 0.9890643954277039 0.6068843007087708 
0.3450368046760559 0.10741907358169556 0.7815587520599365 0.5546410083770752 0.11476922035217285 0.7902918457984924 
0.7216761112213135 0.7345394492149353 0.8997185826301575 0.6847591996192932 0.20847082138061523 0.5553561449050903 

0.3272078037261963 0.8347489237785339 0.5239401459693909 0.7697672843933105 0.8376395106315613 0.17576318979263306 
0.9220572113990784 0.8809724450111389 0.9678420424461365 0.8200101256370544 0.4706993103027344 0.7991830110549927 
0.06645029783248901 0.8361940979957581 0.9394562840461731 0.5885854363441467 0.4358396530151367 0.25452733039855957 
0.9359235763549805 0.7897743582725525 0.3319931626319885 0.15569740533828735 0.557152509689331 0.759486973285675 
0.7466641068458557 0.18789881467819214 0.49161797761917114 0.9730959534645081 0.20639920234680176 0.976142942905426 
0.9159539341926575 0.27077150344848633 0.18994158506393433 0.5642141103744507 0.9364861249923706 0.672845721244812 


0.6655896306037903 0.10449576377868652 0.46573108434677124 0.35585105419158936 0.21041566133499146 0.20498615503311157 
0.3040885925292969 0.6894839406013489 0.5483452677726746 0.544861912727356 0.25714927911758423 0.13533008098602295 
0.2915857434272766 0.30267512798309326 0.17796385288238525 0.6894581913948059 0.4036930203437805 0.8372881412506104 
0.6470215320587158 0.11454188823699951 0.46222084760665894 0.2253807783126831 0.1460498571395874 0.5937484502792358 
0.6942448019981384 0.5733177661895752 0.3228607773780823 0.0902090072631836 0.27659159898757935 0.6952381730079651 
0.8101249933242798 0.9975377917289734 0.975372314453125 0.026695847511291504 0.2246694564819336 0.33782052993774414 

0.6281545758247375 0.38170361518859863 0.3630794286727905 0.4011473059654236 0.530035674571991 0.2114294171333313 
0.22217273712158203 0.47625643014907837 0.2516860365867615 0.4534704089164734 0.5691218972206116 0.352181077003479 
0.428711473941803 0.5442975759506226 0.17831742763519287 0.11376309394836426 0.5721173882484436 0.5015223026275635 
0.3371853232383728 0.597266674041748 0.6742438077926636 0.22349286079406738 0.3174974322319031 0.04411470890045166 
0.5839415192604065 0.1109420657157898 0.4921022057533264 0.08007580041885376 0.37020301818847656 0.6000722050666809 
0.9763432741165161 0.9556324481964111 0.027393639087677002 0.2715371251106262 0.2527638077735901 0.599629819393158 

0.3773490786552429 0.4165642261505127 0.608805775642395 0.9579209685325623 0.8462978601455688 0.10942411422729492 
0.2998421788215637 0.6855562925338745 0.24601542949676514 0.6298659443855286 0.19968754053115845 0.23088401556015015 
0.4247085452079773 0.36874037981033325 0.360969603061676 0.1047506332397461 0.6690167784690857 0.5999656915664673 
0.8105800151824951 0.3631613850593567 0.2493324875831604 0.3713064193725586 0.3424338698387146 0.8336306810379028 
0.06092196702957153 0.8511820435523987 0.7764049172401428 0.9995006918907166 0.14004045724868774 0.843132734298706 
0.18647372722625732 0.9813570380210876 0.5801033973693848 0.45351171493530273 0.045078158378601074 0.48427218198776245 


0.984084963798523 0.40708041191101074 0.957680344581604 0.5576397776603699 0.5448045134544373 0.5013201236724854 
0.3451611399650574 0.9624160528182983 0.28694307804107666 0.4678803086280823 0.19364619255065918 0.9388461709022522 
0.7856652736663818 0.613899827003479 0.47749125957489014 0.6625593900680542 0.36464041471481323 0.7704222202301025 
0.2895156145095825 0.7626738548278809 0.36834269762039185 0.32275158166885376 0.17409837245941162 0.6873875856399536 
0.9312262535095215 0.9948102235794067 0.12149059772491455 0.3700351119041443 0.9379861950874329 0.9097084403038025 
0.7672433257102966 0.9413260221481323 0.7602876424789429 0.8959161043167114 0.18056833744049072 0.6044003367424011 

0.6417368054389954 0.36499106884002686 0.07375127077102661 0.7946550846099854 0.5626850724220276 0.5497499108314514 
0.811421811580658 0.5667651891708374 0.09033536911010742 0.7560437321662903 0.494296669960022 0.46008557081222534 
0.16331148147583008 0.6620888113975525 0.6850616931915283 0.23376458883285522 0.037100136280059814 0.2451310157775879 
0.6257057189941406 0.3924591541290283 0.807765781879425 0.44355928897857666 0.16087454557418823 0.1121034026145935 
0.2197607159614563 0.08330023288726807 0.8428233861923218 0.5523203611373901 0.9651166796684265 0.43420904874801636 
0.14523696899414062 0.6812338829040527 0.6964747309684753 0.7405646443367004 0.8373302817344666 0.18478846549987793 

0.7998024225234985 0.3039088845252991 0.8943887948989868 0.9182251691818237 0.39966827630996704 0.9221511483192444 
0.06750422716140747 0.2091568112373352 0.5235205292701721 0.8049802780151367 0.5866019129753113 0.8878850340843201 
0.4241942763328552 0.3246654272079468 0.12569010257720947 0.9841346144676208 0.6489630937576294 0.43204808235168457 
0.7561109066009521 0.008334636688232422 0.45107853412628174 0.8808168172836304 0.320711612701416 0.1255408525466919 
0.8292705416679382 0.7312129735946655 0.5768479704856873 0.401353120803833 0.059517741203308105 0.44075167179107666 
0.8031179904937744 0.5317913889884949 0.10522997379302979 0.09034562110900879 0.6722090244293213 0.40914005041122437 


0.8311408758163452 0.8903379440307617 0.5818039774894714 0.1476268768310547 0.2130066156387329 0.14492809772491455 
0.8191123008728027 0.5869852900505066 0.3275444507598877 0.9731857776641846 0.32980412244796753 0.007795155048370361 
0.4382603168487549 0.5294820070266724 0.8490128517150879 0.7826657295227051 0.358984112739563 0.48913049697875977 
0.662090539932251 0.2051907777786255 0.9432718753814697 0.2186901569366455 0.7083576917648315 0.002541065216064453 
0.5136496424674988 0.1326124668121338 0.1888771653175354 0.5939518809318542 0.37411612272262573 0.22477370500564575 
0.4037488102912903 0.8854659199714661 0.3110685348510742 0.5810045003890991 0.23967403173446655 0.20465654134750366 

0.8316396474838257 0.6475920677185059 0.6575270295143127 0.31118589639663696 0.31244707107543945 0.8184617757797241 
0.1392919421195984 0.40375441312789917 0.4436134696006775 0.32275867462158203 0.037658751010894775 0.5420992970466614 
0.4035617709159851 0.11402028799057007 0.09906595945358276 0.9296955466270447 0.5245217084884644 0.24028921127319336 
0.4952004551887512 0.21160387992858887 0.6354040503501892 0.08419835567474365 0.11041468381881714 0.1655334234237671 
0.6940736770629883 0.37068939208984375 0.701963484287262 0.461999773979187 0.8969870805740356 0.8686415553092957 
0.09062153100967407 0.11022543907165527 0.7800682783126831 0.8269467353820801 0.8796765208244324 0.8947178721427917 

0.9938610196113586 0.7857882976531982 0.1064838171005249 0.5068444013595581 0.014509081840515137 0.8555683493614197 
0.295585572719574 0.4875457286834717 0.9656795859336853 0.686811625957489 0.9590243697166443 0.10881572961807251 
0.22692424058914185 0.3043614625930786 0.40034836530685425 0.3380916118621826 0.07428115606307983 0.3175307512283325 
0.08748912811279297 0.37116652727127075 0.809337317943573 0.06629788875579834 0.3127933144569397 0.4148836135864258 
0.3545182943344116 0.3869131803512573 0.9323128461837769 0.8391531705856323 0.9556060433387756 0.145144522190094 
0.6833961009979248 0.7375092506408691 0.9150487184524536 0.12038016319274902 0.15202730894088745 0.8059527277946472 


0.6268947720527649 0.17946761846542358 0.931177020072937 0.7013702392578125 0.8028782606124878 0.42078715562820435 
0.37653279304504395 0.3136516213417053 0.47105294466018677 0.6423011422157288 0.945236086845398 0.6034318804740906 
0.7008070349693298 0.02107822895050049 0.7095325589179993 0.5582543611526489 0.11960196495056152 0.43235015869140625 
0.4844905138015747 0.7981833219528198 0.9280529618263245 0.5477133393287659 0.16719847917556763 0.8421890735626221 
0.6551445722579956 0.8123577833175659 0.05080521106719971 0.337072491645813 0.7356486916542053 0.7153180837631226 
0.8103071451187134 0.7406597137451172 0.4541325569152832 0.2902851700782776 0.9733879566192627 0.5910999178886414 

0.5756089687347412 0.48694276809692383 0.5681791305541992 0.7410582304000854 0.034806251525878906 0.5159571766853333 
0.7418249845504761 0.9713600873947144 0.5201154947280884 0.3969229459762573 0.7714479565620422 0.6807331442832947 
0.8744014501571655 0.6079102158546448 0.045477211475372314 0.29088014364242554 0.8289710283279419 0.4425995945930481 
0.06569135189056396 0.8395248651504517 0.4397481679916382 0.7618241310119629 0.5325562953948975 0.5691149234771729 
0.7517477869987488 0.9875851273536682 0.19594132900238037 0.23262125253677368 0.4914246201515198 0.6488889455795288 
0.7539498805999756 0.11232256889343262 0.5681738257408142 0.1621348261833191 0.8176595568656921 0.23638468980789185 

0.03850585222244263 0.6096222996711731 0.1713637113571167 0.7067530155181885 0.446225643157959 0.23910969495773315 
0.32926642894744873 0.9870611429214478 0.5712168216705322 0.08050012588500977 0.3314383625984192 0.9635588526725769 
0.6184806227684021 0.3799554705619812 0.9742121696472168 0.9077107310295105 0.537796139717102 0.17115944623947144 
0.9733258485794067 0.8721811771392822 0.7521407008171082 0.4441313147544861 0.9680002927780151 0.6409857869148254 
0.34819209575653076 0.10823267698287964 0.9895229339599609 0.2050144076347351 0.4988967776298523 0.33204174041748047 
0.7906591296195984 0.4953067898750305 0.9503852725028992 0.6219873428344727 0.37944555282592773 0.8787882924079895 


0.48813629150390625 0.9160828590393066 0.7779945731163025 0.22528845071792603 0.2629396319389343 0.8384909629821777 
0.8981475234031677 0.18869000673294067 0.047428011894226074 0.15873879194259644 0.4935392737388611 0.4786294102668762 
0.6578894257545471 0.011184096336364746 0.9451046586036682 0.5763831734657288 0.6235032677650452 0.6913228631019592 
0.42156827449798584 0.669277548789978 0.930364191532135 0.659679114818573 0.42894256114959717 0.9334477782249451 
0.319011390209198 0.3719739317893982 0.8829869031906128 0.8666591048240662 0.9870123267173767 0.5829610228538513 
0.6979340314865112 0.7969237565994263 0.16220450401306152 0.5342326164245605 0.9315208792686462 0.12619554996490479 

0.10566949844360352 0.5023550391197205 0.1463104486465454 0.5809091925621033 0.37958860397338867 0.12731432914733887 
0.667743444442749 0.04272639751434326 0.770618200302124 0.9818456172943115 0.8330346345901489 0.8138818144798279 
0.009425878524780273 0.0636826753616333 0.059761643409729004 0.18198621273040771 0.4458425045013428 0.9201152324676514 
0.8928406238555908 0.7209622859954834 0.048850953578948975 0.4142860174179077 0.7225930690765381 0.5135107636451721 
0.6819291710853577 0.006791472434997559 0.006017863750457764 0.16887348890304565 0.9907916784286499 0.5716091394424438 
0.5839557647705078 0.5927639603614807 0.38668912649154663 0.8628562688827515 0.656359076499939 0.37730908393859863 

0.08699935674667358 0.883013904094696 0.6483926177024841 0.18680477142333984 0.142799973487854 0.39388507604599 
0.5174299478530884 0.5800374150276184 0.2437419891357422 0.7764327526092529 0.0023946166038513184 0.39506208896636963 
0.3637857437133789 0.999366283416748 0.4098542332649231 0.07424122095108032 0.2898130416870117 0.22827523946762085 
0.8516461253166199 0.8407891988754272 0.45547568798065186 0.41635048389434814 0.08394980430603027 0.391856849193573 
0.8654433488845825 0.5631811022758484 0.8637478351593018 0.6750807166099548 0.42397594451904297 0.7630048990249634 
0.8815724849700928 0.8884453773498535 0.22495657205581665 0.4773358702659607 0.7971070408821106 0.6126059889793396 


0.3217102289199829 0.30106252431869507 0.9110510945320129 0.21058863401412964 0.8465886116027832 0.8085988163948059 
0.20158421993255615 0.5564900636672974 0.4925437569618225 0.5198087096214294 0.17925232648849487 0.18825137615203857 
0.7512862086296082 0.47099578380584717 0.26538974046707153 0.49314063787460327 0.11741942167282104 0.3722073435783386 
0.5560004711151123 0.8827166557312012 0.2470262050628662 0.8571462035179138 0.17295026779174805 0.5778378844261169 
0.9908312559127808 0.9652431011199951 0.7140816450119019 0.3636056184768677 0.5125455856323242 0.43313097953796387 
0.4239574074745178 0.7747840881347656 0.8797891139984131 0.8410022258758545 0.8846306800842285 0.9233486652374268 

0.7165486216545105 0.5954713821411133 0.4686928391456604 0.42687636613845825 0.531112790107727 0.43195903301239014 
0.4922817349433899 0.2332298755645752 0.31352299451828003 0.9745211005210876 0.8275520205497742 0.6378613114356995 
0.3546218276023865 0.44430214166641235 0.7787630558013916 0.6616677045822144 0.8284909725189209 0.18052613735198975 
0.7349085211753845 0.09897452592849731 0.3080263137817383 0.006020188331604004 0.3811648488044739 0.5168477892875671 
0.9308838248252869 0.36892491579055786 0.5310909152030945 0.5564074516296387 0.8095322251319885 0.04116320610046387 
0.00503230094909668 0.8969817757606506 0.9575850963592529 0.13134431838989258 0.7956955432891846 0.894398033618927 

0.5537325143814087 0.9790571331977844 0.6937263607978821 0.2575417757034302 0.09480565786361694 0.7777305841445923 
0.6546158194541931 0.4048178195953369 0.6016611456871033 0.5237715840339661 0.49077218770980835 0.6324338912963867 
0.9718241691589355 0.42220795154571533 0.5411957502365112 0.8458701372146606 0.1958075761795044 0.6930899024009705 
0.6433796882629395 0.3351249694824219 0.9666104316711426 0.772686243057251 0.14520150423049927 0.8965806365013123 
0.911009669303894 0.4766283631324768 0.7034387588500977 0.14473074674606323 0.4635803699493408 0.6515080332756042 
0.34214842319488525 0.5588618516921997 0.41613340377807617 0.61017245054245 0.6651657819747925 0.45226675271987915 


0.7545406818389893 0.4879400134086609 0.5586193799972534 0.366913378238678 0.732342004776001 0.14775729179382324 
0.514388382434845 0.4893230199813843 0.9208641648292542 0.16761332750320435 0.9875314235687256 0.5155537724494934 
0.9251769781112671 0.9660646319389343 0.9124938249588013 0.2783116102218628 0.39941054582595825 0.21355843544006348 
0.759239137172699 0.7604667544364929 0.4470135569572449 0.6487239599227905 0.34683340787887573 0.40915536880493164 
0.810874342918396 0.3441994786262512 0.8930685520172119 0.33436089754104614 0.7744378447532654 0.1440579891204834 
0.06063896417617798 0.07380133867263794 0.25854945182800293 0.5317723751068115 0.8009917140007019 0.1311037540435791 

0.850969135761261 0.06977134943008423 0.2922546863555908 0.050658226013183594 0.18613958358764648 0.2935847043991089 
0.6313812732696533 0.21458911895751953 0.7311328649520874 0.2504761219024658 0.8097429275512695 0.4868496060371399 
0.7626376748085022 0.9055957794189453 0.06247144937515259 0.7331982254981995 0.837009847164154 0.4678053855895996 
0.7727259397506714 0.8060067892074585 0.12151968479156494 0.3265872597694397 0.8264533877372742 0.6734601855278015 
0.9120152592658997 0.35015469789505005 0.36982542276382446 0.11917144060134888 0.7193530797958374 0.2984476685523987 
0.40910249948501587 0.31251806020736694 0.2008596658706665 0.7625231146812439 0.7077888250350952 0.35072267055511475 

0.6013933420181274 0.8152267336845398 0.8861621022224426 0.7907823920249939 0.2513577342033386 0.030813097953796387 
0.9461343288421631 0.609212338924408 0.8043632507324219 0.5826185941696167 0.43920695781707764 0.9202542304992676 
0.6371321678161621 0.647426426410675 0.9816360473632812 0.4678555130958557 0.6025010943412781 0.6301797032356262 
0.669820249080658 0.18473869562149048 0.2904377579689026 0.6876909136772156 0.5791637897491455 0.8330199718475342 
0.24941390752792358 0.28925442695617676 0.27122777700424194 0.7718725800514221 0.499431848526001 0.910155177116394 
0.6071925163269043 0.007528424263000488 0.8325396776199341 0.16276955604553223 0.06924068927764893 0.41743361949920654 


0.9601877331733704 0.7570181488990784 0.23562800884246826 0.5670198202133179 0.24214088916778564 0.7551156282424927 
0.8567489981651306 0.7024478912353516 0.7991122603416443 0.9654733538627625 0.9496080279350281 0.615069568157196 
0.8346083760261536 0.8593032360076904 0.5739932060241699 0.51462721824646 0.2756897807121277 0.3460373282432556 
0.20524197816848755 0.8851833343505859 0.9317345023155212 0.017199158668518066 0.4070068597793579 0.013310611248016357 
0.6532248854637146 0.9555491209030151 0.3833504319190979 0.42167454957962036 0.06665390729904175 0.7965507507324219 
0.9586488008499146 0.21318912506103516 0.614243745803833 0.15168321132659912 0.5306404829025269 0.18659323453903198 

0.5980802178382874 0.6442142724990845 0.5818890333175659 0.5946550369262695 0.32524722814559937 0.4225671887397766 
0.4259769320487976 0.25433677434921265 0.9862219095230103 0.9270163774490356 0.5423287153244019 0.3807159662246704 
0.9189767837524414 0.38274461030960083 0.5087345242500305 0.05097299814224243 0.9897023439407349 0.9711506366729736 
0.6821284294128418 0.6462496519088745 0.3817363381385803 0.46158432960510254 0.7201579213142395 0.991100549697876 
0.6936717629432678 0.5751652717590332 0.7764542698860168 0.3490363359451294 0.4602736234664917 0.8440266251564026 
0.6496099233627319 0.561728835105896 0.21871429681777954 0.8751193284988403 0.3831104636192322 0.8963044881820679 

0.6940699815750122 0.6627638339996338 0.2434931993484497 0.9543075561523438 0.788597047328949 0.5723688006401062 
0.633129894733429 0.4653741121292114 0.04019272327423096 0.8251187801361084 0.46949511766433716 0.04682362079620361 
0.17476493120193481 0.5580385327339172 0.26173341274261475 0.8281249403953552 0.7094728350639343 0.7964879870414734 
0.4918864369392395 0.5375043749809265 0.011671125888824463 0.6844184994697571 0.663924515247345 0.3407934904098511 
0.7503977417945862 0.013143718242645264 0.46502190828323364 0.2388840913772583 0.9100548028945923 0.1066122055053711 
0.20512288808822632 0.09979146718978882 0.8426364064216614 0.5608371496200562 0.4155598282814026 0.8160794377326965 


0.8575887084007263 0.6985605955123901 0.9940153956413269 0.38316458463668823 0.8656945824623108 0.7700066566467285 
0.473030149936676 0.7075518369674683 0.7095780968666077 0.12092059850692749 0.5720725655555725 0.9418931603431702 
0.19643259048461914 0.1981852650642395 0.7025777101516724 0.34127968549728394 0.6984367966651917 0.35312020778656006 
0.151447594165802 0.6975805163383484 0.104991614818573 0.09252822399139404 0.7202110886573792 0.6665512919425964 
0.7965006828308105 0.25714701414108276 0.667699933052063 0.7577601671218872 0.4399675726890564 0.5586887001991272 
0.26482027769088745 0.9003010392189026 0.39346832036972046 0.7795222997665405 0.9427881836891174 0.0016037821769714355 

0.7093188762664795 0.10817074775695801 0.11265742778778076 0.8867765665054321 0.9013587236404419 0.5805888175964355 
0.3714791536331177 0.8307183980941772 0.8259409070014954 0.7584114074707031 0.7132554650306702 0.9712522029876709 
0.186920166015625 0.9710951447486877 0.7389132380485535 0.8691846132278442 0.5025360584259033 0.12771672010421753 
0.3697797656059265 0.1304924488067627 0.6549211144447327 0.2586466670036316 0.5461248159408569 0.6167484521865845 
0.7606596946716309 0.401528000831604 0.5117794275283813 0.6103871464729309 0.5689274668693542 0.3297467827796936 
0.1552298665046692 0.36488670110702515 0.17131555080413818 0.8012778162956238 0.8077787756919861 0.35042572021484375 

0.049880146980285645 0.6823353171348572 0.5000008344650269 0.4112815856933594 0.8099997043609619 0.7852727770805359 
0.3411415219306946 0.8033266067504883 0.7181204557418823 0.7646955847740173 0.1591552495956421 0.3711824417114258 
0.43298882246017456 0.08069479465484619 0.6853933930397034 0.024523556232452393 0.3395092487335205 0.3483715057373047 
0.03462439775466919 0.7183632254600525 0.4878571629524231 0.9788053631782532 0.7204059958457947 0.5579861402511597 
0.8716822862625122 0.1107034683227539 0.10372030735015869 0.8175418376922607 0.49972379207611084 0.5472006797790527 
0.9061272144317627 0.8773006200790405 0.5001052618026733 0.771748423576355 0.238150954246521 0.7222564220428467 


0.034067749977111816 0.8351156115531921 0.2424677014350891 0.8076841235160828 0.894597053527832 0.7601462602615356 
0.19474220275878906 0.8831303715705872 0.9348567128181458 0.18511438369750977 0.9543410539627075 0.5309727191925049 
0.6454263925552368 0.8052807450294495 0.7649122476577759 0.3447386622428894 0.008382797241210938 0.015912115573883057 
0.913695216178894 0.257110595703125 0.16126525402069092 0.5108495354652405 0.9107298851013184 0.19344788789749146 
0.47257792949676514 0.7646001577377319 0.15599364042282104 0.40667879581451416 0.4079894423484802 0.31675124168395996 
0.8773970007896423 0.058065056800842285 0.4619113802909851 0.29357606172561646 0.9209075570106506 0.22439032793045044 

0.9906570315361023 0.052114903926849365 0.6819578409194946 0.46662163734436035 0.45908260345458984 0.17555439472198486 
0.3785982131958008 0.10872530937194824 0.6867912411689758 0.7489758729934692 0.28190600872039795 0.9185828566551208 
0.6510841250419617 0.7360113859176636 0.3762699365615845 0.8074728846549988 0.2574913501739502 0.0894666314125061 
0.12339895963668823 0.10537588596343994 0.43129563331604004 0.6426370739936829 0.9891551733016968 0.509722113609314 
0.6977937817573547 0.6483044028282166 0.9419029951095581 0.5164034962654114 0.9730336666107178 0.4479508399963379 
0.07612818479537964 0.8752201199531555 0.049453675746917725 0.1397792100906372 0.005843400955200195 0.121146559715271 

0.1789429783821106 0.8226274251937866 0.14184963703155518 0.986585795879364 0.31873613595962524 0.37809789180755615 
0.4863540530204773 0.1046302318572998 0.37246793508529663 0.4963536858558655 0.2201785445213318 0.2710633873939514 
0.6542057394981384 0.6276816129684448 0.16388416290283203 0.6947804093360901 0.8637952208518982 0.7423553466796875 
0.456032931804657 0.058420419692993164 0.4257251024246216 0.8639750480651855 0.3803369998931885 0.5983874797821045 
0.8634297251701355 0.7245358824729919 0.5116517543792725 0.5750396847724915 0.04211622476577759 0.3459851145744324 
0.9665933847427368 0.053134143352508545 0.2532801032066345 0.5010321736335754 0.6452317237854004 0.0166090726852417 


0.5203585028648376 0.7543780207633972 0.41277140378952026 0.20584064722061157 0.015834510326385498 0.02293694019317627 
0.781373143196106 0.14920055866241455 0.5629428029060364 0.6246868968009949 0.6509304642677307 0.5416205525398254 
0.02230691909790039 0.16637176275253296 0.39012259244918823 0.8331829905509949 0.35747647285461426 0.34831440448760986 
0.09573090076446533 0.7642304301261902 0.08869439363479614 0.12691539525985718 0.25214487314224243 0.20160669088363647 
0.4208383560180664 0.6001227498054504 0.9318739175796509 0.649766743183136 0.9027001261711121 0.4289866089820862 
0.6453803777694702 0.08656209707260132 0.14833998680114746 0.749333381652832 0.34090113639831543 0.277133584022522 

0.6189536452293396 0.4671505093574524 0.8055964112281799 0.08459252119064331 0.23807257413864136 0.1243094801902771 
0.6679778695106506 0.22160595655441284 0.13312137126922607 0.6408730745315552 0.058579862117767334 0.31447768211364746 
0.5828530192375183 0.5507894158363342 0.12802928686141968 0.607075035572052 0.9616025686264038 0.3407662510871887 
0.0908159613609314 0.0728408694267273 0.10146528482437134 0.3126438856124878 0.6738166809082031 0.9675519466400146 
0.25765734910964966 0.82180255651474 0.33465713262557983 0.9360483884811401 0.20305198431015015 0.21553552150726318 
0.20867687463760376 0.9850673079490662 0.40339982509613037 0.05935734510421753 0.35252493619918823 0.7293422818183899 

0.9606598019599915 0.03072988986968994 0.9974414706230164 0.42957979440689087 0.3183758854866028 0.8275348544120789 
0.7303203344345093 0.9211277961730957 0.7961327433586121 0.3195773959159851 0.711776614189148 0.8878654837608337 
0.738429844379425 0.16234272718429565 0.6772031188011169 0.42122429609298706 0.3966633677482605 0.08031034469604492 
0.653049647808075 0.8683403730392456 0.2505044937133789 0.03978097438812256 0.6437567472457886 0.4413319230079651 
0.5269883871078491 0.031619250774383545 0.2314218282699585 0.8619754314422607 0.8418686985969543 0.2132318615913391 
0.40836483240127563 0.07300841808319092 0.6073327660560608 0.9075380563735962 0.5412160754203796 0.6390359997749329 


0.8995522856712341 0.04839271306991577 0.31578099727630615 0.08504849672317505 0.9219967722892761 0.07985973358154297 
0.060657799243927 0.8295159339904785 0.5630735754966736 0.8825269341468811 0.5617269277572632 0.6323453187942505 
0.8182668685913086 0.15419363975524902 0.11348867416381836 0.9639800190925598 0.9186221957206726 0.9032881855964661 
0.024062633514404297 0.719118058681488 0.826281726360321 0.8256388306617737 0.9310537576675415 0.06117802858352661 
0.4436953067779541 0.17751950025558472 0.5313169956207275 0.8980019092559814 0.5687200427055359 0.0788261890411377 
0.07274699211120605 0.931350588798523 0.2726585865020752 0.3937695622444153 0.6700750589370728 0.09644365310668945 

0.21300971508026123 0.05382019281387329 0.45654064416885376 0.8294162750244141 0.6280688047409058 0.8701757788658142 
0.33669447898864746 0.051976919174194336 0.7559575438499451 0.9268528819084167 0.9852033853530884 0.6691094636917114 
0.1863979697227478 0.9616248607635498 0.20505261421203613 0.3291667103767395 0.08999592065811157 0.9606778025627136 
0.6137096285820007 0.35673433542251587 0.8219233751296997 0.3615710139274597 0.6261982917785645 0.20363980531692505 
0.0297277569770813 0.10065621137619019 0.5796598196029663 0.6557914018630981 0.22798150777816772 0.7729619145393372 
0.7292004227638245 0.06566816568374634 0.3477473258972168 0.2555323839187622 0.14724469184875488 0.48153525590896606 

0.9527295231819153 0.23627108335494995 0.32386189699172974 0.43594956398010254 0.9459137916564941 0.4678967595100403 
0.17252248525619507 0.4539981484413147 0.9737758040428162 0.4172833561897278 0.19351881742477417 0.8271418213844299 
0.9134658575057983 0.7599790692329407 0.6761507987976074 0.2562413811683655 0.9191926717758179 0.18880712985992432 
0.5716649293899536 0.8709689378738403 0.5653002262115479 0.20231276750564575 0.24382424354553223 0.8265169262886047 
0.639589786529541 0.3471699357032776 0.35378724336624146 0.3257352113723755 0.6894711256027222 0.9317294359207153 
0.5092477202415466 0.1508304476737976 0.40325742959976196 0.8912586569786072 0.33948034048080444 0.7252407073974609 


0.8848591446876526 0.9685906767845154 0.5397337675094604 0.6694983839988708 0.43778812885284424 0.2480461597442627 
0.6517148613929749 0.4816645383834839 0.6825108528137207 0.8127956390380859 0.031096935272216797 0.732657253742218 
0.2707675099372864 0.24808531999588013 0.481509804725647 0.46880364418029785 0.5981666445732117 0.03044217824935913 
0.5621137022972107 0.3847620487213135 0.6606453061103821 0.20072489976882935 0.4084608554840088 0.27492690086364746 
0.32370448112487793 0.03890711069107056 0.25731998682022095 0.48224902153015137 0.26370275020599365 0.6061118245124817 
0.09306788444519043 0.148187518119812 0.5104060769081116 0.9156050682067871 0.311229944229126 0.4451756477355957 

0.31529682874679565 0.18338018655776978 0.48182934522628784 0.730924129486084 0.7119969725608826 0.3252037763595581 
0.27293485403060913 0.8404485583305359 0.5292356610298157 0.8742071986198425 0.46770375967025757 0.29752182960510254 
0.9011713266372681 0.5623830556869507 0.3673325777053833 0.9331580400466919 0.7558426260948181 0.9140906929969788 
0.9562574028968811 0.05884009599685669 0.6913591623306274 0.9430465698242188 0.9744614958763123 0.8326393365859985 
0.4039793014526367 0.6780329942703247 0.12335360050201416 0.6019858717918396 0.08322346210479736 0.915590226650238 
0.44839686155319214 0.7603234052658081 0.9120058417320251 0.45919269323349 0.550383985042572 0.46804219484329224 

0.5557605624198914 0.10158699750900269 0.18385207653045654 0.45947277545928955 0.985319972038269 0.6237199306488037 
0.5497962236404419 0.4018290638923645 0.8647699952125549 0.6106572151184082 0.5427777171134949 0.6047181487083435 
0.808988094329834 0.979785144329071 0.8796841502189636 0.32121533155441284 0.9264472126960754 0.8066707849502563 
0.5448487997055054 0.5751258134841919 0.2615719437599182 0.15962636470794678 0.22196167707443237 0.36744141578674316 
0.5005052089691162 0.4633902311325073 0.627740740776062 0.5440051555633545 0.24575483798980713 0.7132676839828491 
0.505364716053009 0.13411176204681396 0.8431585431098938 0.5603120923042297 0.16683334112167358 0.5227081775665283 


0.5078392028808594 0.015477955341339111 0.5325161218643188 0.0018386244773864746 0.6909167766571045 0.4402948021888733 
0.6379225850105286 0.6179556846618652 0.1107945442199707 0.24838542938232422 0.69703608751297 0.47601693868637085 
0.189395010471344 0.42620688676834106 0.19935452938079834 0.23334449529647827 0.30757784843444824 0.2324206829071045 
0.2201276421546936 0.41880911588668823 0.5905675888061523 0.25714796781539917 0.3698933720588684 0.8182322978973389 
0.6849763989448547 0.9571306705474854 0.02430248260498047 0.06445330381393433 0.8709825873374939 0.18533295392990112 
0.093625009059906 0.9875813126564026 0.9138399362564087 0.7584106922149658 0.21560180187225342 0.6726985573768616 

0.4385930895805359 0.9674139022827148 0.8123725056648254 0.2947847843170166 0.010869204998016357 0.1062617301940918 
0.027155756950378418 0.9477063417434692 0.9426963329315186 0.2811354398727417 0.5994500517845154 0.6738547086715698 
0.1472652554512024 0.29398828744888306 0.6693974137306213 0.2612958550453186 0.942430853843689 0.7327840328216553 
0.29716742038726807 0.3470650315284729 0.026830971240997314 0.7498601675033569 0.6932047009468079 0.4661492705345154 
0.265678346157074 0.36932164430618286 0.36625683307647705 0.12020373344421387 0.20401400327682495 0.3354175090789795 
0.6782004833221436 0.7635196447372437 0.7901018261909485 0.7049757838249207 0.7811710834503174 0.31316477060317993 

0.35174715518951416 0.2360122799873352 0.05344909429550171 0.882380485534668 0.1975322961807251 0.25218665599823 
0.006667613983154297 0.5358503460884094 0.6566516757011414 0.25488048791885376 0.03648620843887329 0.665951669216156 
0.5986949801445007 0.03398996591567993 0.6617847084999084 0.861042320728302 0.2001194953918457 0.41519689559936523 
0.7928571105003357 0.6896542906761169 0.9050353765487671 0.8129861354827881 0.6387032270431519 0.9127495288848877 
0.3581313490867615 0.6346085667610168 0.5434682369232178 0.09940695762634277 0.10509353876113892 0.18820452690124512 
0.3259829878807068 0.0035780668258666992 0.8738728761672974 0.5578321218490601 0.18996793031692505 0.05608975887298584 


0.6810382008552551 0.7177897691726685 0.2570337653160095 0.9713044762611389 0.8961408734321594 0.45961159467697144 
0.9436403512954712 0.047063589096069336 0.8324390053749084 0.6991773247718811 0.3042593002319336 0.12315696477890015 
0.1421576738357544 0.1338343620300293 0.004509270191192627 0.33200496435165405 0.3435578942298889 0.6501237750053406 
0.48788589239120483 0.3237520456314087 0.2165547013282776 0.8212131261825562 0.09297984838485718 0.5905664563179016 
0.6986504197120667 0.22329527139663696 0.06407284736633301 0.8578414916992188 0.8731436729431152 0.12547439336776733 
0.9767735600471497 0.9895620942115784 0.41278403997421265 0.21683883666992188 0.19610059261322021 0.5174105167388916 

0.44304364919662476 0.4623637795448303 0.9556884169578552 0.8279211521148682 0.5069448947906494 0.5421688556671143 
0.638272225856781 0.6650274395942688 0.09125816822052002 0.2044411301612854 0.19637411832809448 0.3724380135536194 
0.41726911067962646 0.9051715135574341 0.7674333453178406 0.0042400360107421875 0.7118257284164429 0.43839919567108154 
0.43000346422195435 0.698369562625885 0.7617009878158569 0.7915815114974976 0.5023338794708252 0.26613301038742065 
0.8007078766822815 0.4782666563987732 0.8260518312454224 0.37322860956192017 0.23333299160003662 0.6638572812080383 
0.6200182437896729 0.9107513427734375 0.30494391918182373 0.0833740234375 0.19149619340896606 0.6716318726539612 

0.8693774342536926 0.6486956477165222 0.4418048858642578 0.2374718189239502 0.9470694065093994 0.6261244416236877 
0.8668206930160522 0.9590374231338501 0.3829248547554016 0.606256902217865 0.9847645163536072 0.6651657819747925 
0.12606757879257202 0.48529356718063354 0.08804047107696533 0.04435241222381592 0.08075898885726929 0.09009754657745361 
0.20697444677352905 0.9920047521591187 0.43089747428894043 0.7247991561889648 0.388677716255188 0.8217386603355408 
0.3267965316772461 0.4943295121192932 0.4016934037208557 0.7968724370002747 0.9030027985572815 0.434004545211792 
0.6641901135444641 0.3785601854324341 0.7965646982192993 0.23573559522628784 0.80682373046875 0.07761484384536743 


0.2749996781349182 0.8242124319076538 0.5737192034721375 0.08645409345626831 0.5795742273330688 0.5850399732589722 
0.620659589767456 0.18644165992736816 0.34466826915740967 0.5647392868995667 0.8255112171173096 0.8420459628105164 
0.5791345834732056 0.3956671357154846 0.2186030149459839 0.1997467279434204 0.49458301067352295 0.026113569736480713 
0.492389440536499 0.19814586639404297 0.8792133927345276 0.15243947505950928 0.22991394996643066 0.029139578342437744 
0.10455089807510376 0.4950912594795227 0.2535718083381653 0.33289098739624023 0.7322794198989868 0.5726266503334045 
0.9272959232330322 0.7926455140113831 0.5994752645492554 0.1074724793434143 0.9510921835899353 0.9770841598510742 

0.9251473546028137 0.6229900121688843 0.41380399465560913 0.8751712441444397 0.6200029850006104 0.40299415588378906 
0.547347903251648 0.34045708179473877 0.5004634857177734 0.06518727540969849 0.5620790123939514 0.055069565773010254 
0.3791120648384094 0.189414381980896 0.1571418046951294 0.6603781580924988 0.39890527725219727 0.7361277937889099 
0.5624556541442871 0.8647423982620239 0.09752911329269409 0.5441095232963562 0.24954503774642944 0.1847243309020996 
0.7974526286125183 0.8683924674987793 0.08854597806930542 0.5165117979049683 0.13345551490783691 0.6149097084999084 
0.557306706905365 0.7469161748886108 0.6865670680999756 0.012528777122497559 0.8598447442054749 0.16372501850128174 

0.6954272985458374 0.7358177304267883 0.9177520275115967 0.487000048160553 0.9474803805351257 0.6615852117538452 
0.35929250717163086 0.6433236598968506 0.3862183690071106 0.1589587926864624 0.15401381254196167 0.7511214017868042 
0.197645366191864 0.5212998986244202 0.8398365378379822 0.9557374715805054 0.5454928874969482 0.9045286774635315 
0.7818264961242676 0.8357194066047668 0.07893627882003784 0.36684900522232056 0.007332742214202881 0.07644110918045044 
0.051532208919525146 0.7913095951080322 0.39725756645202637 0.808005690574646 0.4306856393814087 0.7666501402854919 
0.20634377002716064 0.29949331283569336 0.724037230014801 0.733665943145752 0.024833083152770996 0.600050151348114 


0.7312409281730652 0.7501100301742554 0.4271180033683777 0.7130485773086548 0.8259444236755371 0.8230490684509277 
0.2962070107460022 0.8139483332633972 0.21223491430282593 0.17583787441253662 0.41621989011764526 0.809908926486969 
0.7494049668312073 0.7622594237327576 0.041682422161102295 0.9537138342857361 0.857441246509552 0.4776316285133362 
0.06831413507461548 0.651275098323822 0.0024900436401367188 0.3137657642364502 0.7275325655937195 0.10028469562530518 
0.5443772077560425 0.835037112236023 0.9118819832801819 0.8067108392715454 0.6029923558235168 0.6130580306053162 
0.04422652721405029 0.9174445271492004 0.23472023010253906 0.1721699833869934 0.2549343705177307 0.682171642780304 

0.2328205704689026 0.3469013571739197 0.08222585916519165 0.7408764362335205 0.4292760491371155 0.4910963773727417 
0.1116018295288086 0.13050949573516846 0.17834919691085815 0.6639124751091003 0.745956540107727 0.21082532405853271 
0.6879169940948486 0.718235969543457 0.1211930513381958 0.16807067394256592 0.624121367931366 0.8827725648880005 
0.055582284927368164 0.8546479344367981 0.45899879932403564 0.7164704203605652 0.35105079412460327 0.25826865434646606 
0.9503206610679626 0.14251232147216797 0.683233916759491 0.28562265634536743 0.9162082076072693 0.876015305519104 
0.7662478089332581 0.45704185962677 0.4723043441772461 0.626703143119812 0.8000715970993042 0.8235071301460266 

0.9921740889549255 0.37114453315734863 0.8841992616653442 0.8659766912460327 0.19311773777008057 0.7789493799209595 
0.6560181975364685 0.7849297523498535 0.38499999046325684 0.8263466358184814 0.770970344543457 0.9035125374794006 
0.1592366099357605 0.6533048152923584 0.5925833582878113 0.10848945379257202 0.5410962104797363 0.18243408203125 
0.5737636685371399 0.9856187701225281 0.9595415592193604 0.6131022572517395 0.18986397981643677 0.8827822804450989 
0.35445404052734375 0.3773866295814514 0.41252249479293823 0.8937605619430542 0.9204055666923523 0.6321886777877808 
0.7181174755096436 0.3873293995857239 0.9190496206283569 0.5970537662506104 0.17756354808807373 0.9965624213218689 


0.9376345872879028 0.9934757351875305 0.2176859974861145 0.8622205257415771 0.2868364453315735 0.12093907594680786 
0.7231892943382263 0.9373888969421387 0.5589924454689026 0.23194390535354614 0.34844857454299927 0.15355634689331055 
0.08735382556915283 0.02421647310256958 0.9424824714660645 0.2242647409439087 0.864338219165802 0.6880804300308228 
0.9828600287437439 0.30333733558654785 0.8593631982803345 0.22052884101867676 0.030540108680725098 0.7462510466575623 
0.6778823137283325 0.5700108408927917 0.05942898988723755 0.790457546710968 0.06018829345703125 0.7404245138168335 
0.4229729175567627 0.8804904222488403 0.20277905464172363 0.44825589656829834 0.6379299163818359 0.6086128950119019 

0.9803721308708191 0.8176441788673401 0.8102947473526001 0.7099967002868652 0.26361554861068726 0.7937895059585571 
0.2746492028236389 0.9647728204727173 0.7759121656417847 0.7636497020721436 0.08666795492172241 0.15890461206436157 
0.053807079792022705 0.8545708060264587 0.6353601217269897 0.489280641078949 0.7851890325546265 0.1613200306892395 
0.8611737489700317 0.41125696897506714 0.26944249868392944 0.9915334582328796 0.8392742872238159 0.6360933184623718 
0.9075645208358765 0.6049265265464783 0.5607575178146362 0.5343793034553528 0.3231428861618042 0.04061621427536011 
0.5577190518379211 0.47125834226608276 0.5414738059043884 0.8160009980201721 0.31741487979888916 0.5617472529411316 

0.6216384768486023 0.8123116493225098 0.33282041549682617 0.07146698236465454 0.3763648271560669 0.5986554622650146 
0.4456171989440918 0.031088054180145264 0.2126772403717041 0.6825066208839417 0.2341446876525879 0.49680668115615845 
0.5451465249061584 0.09727656841278076 0.5383428931236267 0.2177923321723938 0.8963661789894104 0.6220922470092773 
0.044633328914642334 0.40805333852767944 0.35257488489151 0.010462164878845215 0.477048397064209 0.05914914608001709 
0.44776254892349243 0.896946907043457 0.20637768507003784 0.3030012845993042 0.1144566535949707 0.5185545086860657 
0.8608026504516602 0.16338294744491577 0.43821942806243896 0.824148416519165 0.725983202457428 0.5306863784790039 


0.1257891058921814 0.4262462854385376 0.6448491215705872 0.6593408584594727 0.48527389764785767 0.198144793510437 
0.6922385692596436 0.41368770599365234 0.15098941326141357 0.3305535912513733 0.6416839361190796 0.9308415055274963 
0.08395802974700928 0.9370365738868713 0.2018304467201233 0.8845608830451965 0.010296344757080078 0.19434362649917603 
0.807407796382904 0.35357773303985596 0.49135375022888184 0.6671563982963562 0.7042324542999268 0.17631560564041138 
0.17125219106674194 0.5104081034660339 0.16954445838928223 0.9622099995613098 0.8722310662269592 0.7882773876190186 
0.9071363806724548 0.10910159349441528 0.5223388075828552 0.7925257086753845 0.6648326516151428 0.6896317005157471 

0.7086673974990845 0.8895867466926575 0.6965370178222656 0.358481764793396 0.35407233238220215 0.8407100439071655 
0.29460495710372925 0.2881428599357605 0.26005667448043823 0.7277043461799622 0.6528806090354919 0.4589044451713562 
0.8950852751731873 0.24257183074951172 0.9469037055969238 0.7101549506187439 0.850874125957489 0.9731698036193848 
0.6776255965232849 0.5545764565467834 0.5442789196968079 0.750922679901123 0.3099520802497864 0.6571758985519409 
0.9218273758888245 0.16469615697860718 0.7910480499267578 0.1814560890197754 0.0177726149559021 0.3699432611465454 
0.4440820813179016 0.3952412009239197 0.030683040618896484 0.34612351655960083 0.5438278913497925 0.10112917423248291 

0.9040423035621643 0.10810452699661255 0.9769966006278992 0.47267818450927734 0.8156930208206177 0.14164698123931885 
0.2386297583580017 0.23823046684265137 0.5831454396247864 0.7855792045593262 0.09728121757507324 0.23810380697250366 
0.9235114455223083 0.687018632888794 0.15984368324279785 0.4197556972503662 0.37456220388412476 0.9899958968162537 
0.8854292035102844 0.1967529058456421 0.5057925581932068 0.10223835706710815 0.28805553913116455 0.6647536754608154 
0.26323622465133667 0.3818727731704712 0.5406941771507263 0.3469621539115906 0.3489997386932373 0.8143648505210876 
0.767059326171875 0.20676368474960327 0.483532190322876 0.9607771039009094 0.18989872932434082 0.9987770915031433 


0.7346669435501099 0.35639655590057373 0.12411326169967651 0.7453731298446655 0.5633817911148071 0.7659962773323059 
0.2725015878677368 0.6630963087081909 0.4484403133392334 0.9251622557640076 0.9265304803848267 0.24722087383270264 
0.6616148352622986 0.6525827646255493 0.005896151065826416 0.18118363618850708 0.8681689500808716 0.8478775024414062 
0.8920876979827881 0.35843539237976074 0.4238170385360718 0.22013139724731445 0.48534607887268066 0.5081851482391357 
0.7670357823371887 0.9500353336334229 0.6326871514320374 0.8603306412696838 0.18112260103225708 0.9834086298942566 
0.6378496289253235 0.32715094089508057 0.9842925071716309 0.8486493229866028 0.8223608136177063 0.9946451783180237 

0.9007627367973328 0.5673843026161194 0.6989392638206482 0.8292189240455627 0.08191162347793579 0.4003455638885498 
0.8426687717437744 0.04009652137756348 0.26460033655166626 0.3060035705566406 0.66656494140625 0.9020963907241821 
0.2216750979423523 0.2634388208389282 0.9979637861251831 0.5970103144645691 0.048148393630981445 0.41668498516082764 
0.39527422189712524 0.019451260566711426 0.45139145851135254 0.3863348364830017 0.29901039600372314 0.773762047290802 
0.7079293727874756 0.04096156358718872 0.31633591651916504 0.2978389263153076 0.7739505171775818 0.6496630907058716 
0.2936960458755493 0.8431594967842102 0.6781007647514343 0.7885658144950867 0.027872860431671143 0.3120266795158386 

0.3882244825363159 0.07376569509506226 0.9996945858001709 0.73676598072052 0.06239956617355347 0.33227717876434326 
0.0627698302268982 0.9997687935829163 0.04145604372024536 0.9963117241859436 0.5454745292663574 0.5491090416908264 
0.4322923421859741 0.6515173316001892 0.10609054565429688 0.6810709238052368 0.43370121717453003 0.25817811489105225 
0.7630226612091064 0.8973134756088257 0.28517740964889526 0.32250845432281494 0.8623319268226624 0.9388725161552429 
0.7265800833702087 0.02969735860824585 0.3185775876045227 0.8915513753890991 0.1496245265007019 0.7074525356292725 
0.047071993350982666 0.4656990170478821 0.6245970726013184 0.6491855978965759 0.7841631770133972 0.15327423810958862 


0.24857854843139648 0.6043763160705566 0.31037551164627075 0.19478726387023926 0.8677375912666321 0.3385113477706909 
0.06972450017929077 0.46053606271743774 0.4365541934967041 0.8086972236633301 0.27570831775665283 0.4332893490791321 
0.9970576763153076 0.6045886278152466 0.3853227496147156 0.7494236826896667 0.645508348941803 0.6396538615226746 
0.8887458443641663 0.9994159936904907 0.9280739426612854 0.8352468013763428 0.738444983959198 0.09024763107299805 
0.975156307220459 0.709109365940094 0.4177383780479431 0.24045813083648682 0.8210073113441467 0.19808858633041382 
0.5879876017570496 0.28248852491378784 0.7934989929199219 0.4955447316169739 0.25578993558883667 0.16468852758407593 

0.20167821645736694 0.18559157848358154 0.5667730569839478 0.33029884099960327 0.8903882503509521 0.7835087180137634 
0.5578901767730713 0.21728497743606567 0.26175254583358765 0.05988579988479614 0.5448192954063416 0.5773031115531921 
0.3719416856765747 0.5626906752586365 0.548461377620697 0.2419782280921936 0.19985312223434448 0.5626280307769775 
0.928870677947998 0.27090030908584595 0.873976469039917 0.37230950593948364 0.08857917785644531 0.5322672724723816 
0.5123506188392639 0.6628224849700928 0.525442361831665 0.21818095445632935 0.5248554348945618 0.35406196117401123 
0.4398433566093445 0.7634508609771729 0.47467952966690063 0.6353265643119812 0.5816999077796936 0.9866542220115662 

0.47725367546081543 0.8517733216285706 0.21651196479797363 0.9084001183509827 0.555291473865509 0.256355881690979 
0.5038806200027466 0.4842416048049927 0.7582082748413086 0.5531901717185974 0.24739795923233032 0.4073110818862915 
0.08313977718353271 0.8443284034729004 0.5959519147872925 0.4363309144973755 0.04914790391921997 0.09561413526535034 
0.8446389436721802 0.6364706158638 0.18670618534088135 0.3881732225418091 0.07783019542694092 0.47130703926086426 
0.1593613624572754 0.4481154680252075 0.5529659986495972 0.9964522123336792 0.47478336095809937 0.5226338505744934 
0.6310303807258606 0.9693624973297119 0.9571875333786011 0.6738919019699097 0.24043947458267212 0.7379499673843384 


0.010669410228729248 0.144070565700531 0.799408495426178 0.11594384908676147 0.7172871232032776 0.4150598645210266 
0.11753875017166138 0.5994350910186768 0.12753355503082275 0.09701979160308838 0.9518775343894958 0.6740784645080566 
0.08832627534866333 0.6637161374092102 0.3396317958831787 0.17768025398254395 0.420263409614563 0.182000994682312 
0.955183207988739 0.11400878429412842 0.3229091167449951 0.9888983964920044 0.05285829305648804 0.6527337431907654 
0.887997031211853 0.6702784895896912 0.9897212982177734 0.8943870663642883 0.5755106210708618 0.9670050740242004 
0.17946064472198486 0.7938743233680725 0.3045275807380676 0.8813411593437195 0.9543982148170471 0.6577659845352173 

0.9788727760314941 0.9079919457435608 0.4021506905555725 0.017397940158843994 0.49071192741394043 0.34748125076293945 
0.5152789950370789 0.9422264695167542 0.0012055039405822754 0.3289705514907837 0.2809220552444458 0.845210075378418 
0.54250568151474 0.010695934295654297 0.6361969709396362 0.6997908353805542 0.569264829158783 0.19934237003326416 
0.9478498101234436 0.804951012134552 0.33181244134902954 0.4411717653274536 0.365247905254364 0.4888589382171631 
0.6402896642684937 0.8045512437820435 0.029254913330078125 0.6051934957504272 0.6829911470413208 0.909258246421814 
0.2575031518936157 0.6767242550849915 0.0645180344581604 0.6986886858940125 0.9602695107460022 0.13780462741851807 

0.5017879009246826 0.7924967408180237 0.6790675520896912 0.30987197160720825 0.13017058372497559 0.1387847661972046 
0.1801719069480896 0.0009211897850036621 0.8407787680625916 0.7930892109870911 0.6885455846786499 0.024049997329711914 
0.6187041997909546 0.8807141184806824 0.6666285991668701 0.9093616604804993 0.6772969961166382 0.47788864374160767 
0.37779146432876587 0.48325562477111816 0.46338778734207153 0.041040658950805664 0.6917919516563416 0.33398663997650146 
0.6029638648033142 0.06210064888000488 0.6416624188423157 0.3487657308578491 0.5691020488739014 0.8644578456878662 
0.41346514225006104 0.9724100828170776 0.8541731834411621 0.08914023637771606 0.4468264579772949 0.28525567054748535 


0.05240011215209961 0.47116464376449585 0.1826511025428772 0.7224204540252686 0.37816405296325684 0.5654482841491699 
0.2524188756942749 0.2775411605834961 0.8779993057250977 0.29661524295806885 0.050602614879608154 0.8492082357406616 
0.15876269340515137 0.3880236744880676 0.06652075052261353 0.5887540578842163 0.8842670321464539 0.3782777786254883 
0.19290810823440552 0.3867592215538025 0.014848411083221436 0.0023911595344543457 0.015486359596252441 0.09853416681289673 
0.828462541103363 0.2984682321548462 0.5986175537109375 0.32783615589141846 0.6909310221672058 0.5951936841011047 
0.28444039821624756 0.650320291519165 0.3074822425842285 0.19367647171020508 0.16927987337112427 0.33405107259750366 

0.16364920139312744 0.5635995864868164 0.7868608236312866 0.5459597110748291 0.23139363527297974 0.31731146574020386 
0.06912863254547119 0.5170843601226807 0.36009591817855835 0.6624206304550171 0.888099730014801 0.26968204975128174 
0.4156759977340698 0.09969592094421387 0.6323592066764832 0.7482805848121643 0.41912710666656494 0.013704121112823486 
0.17861878871917725 0.7693307995796204 0.3885897994041443 0.3269215226173401 0.9774976372718811 0.8711096048355103 
0.7859541177749634 0.18199968338012695 0.7255702614784241 0.7252987027168274 0.877326250076294 0.5746713876724243 
0.08672255277633667 0.06822031736373901 0.4563292860984802 0.7363640069961548 0.4469796419143677 0.33113086223602295 

0.09215611219406128 0.5085888504981995 0.724475622177124 0.4764608144760132 0.49760985374450684 0.6511439681053162 
0.7825279831886292 0.1766906976699829 0.5883654952049255 0.6825263500213623 0.6822894811630249 0.3315292000770569 
0.981236457824707 0.6691550016403198 0.4943700432777405 0.42070072889328003 0.15369361639022827 0.4531545042991638 
0.7960094213485718 0.3454169034957886 0.3214145302772522 0.31150197982788086 0.2809768319129944 0.8494528532028198 
0.8767471313476562 0.46616071462631226 0.30321794748306274 0.6314839124679565 0.5056723356246948 0.5006271004676819 
0.4248931407928467 0.44200581312179565 0.7451916337013245 0.8195844888687134 0.6137636303901672 0.9366204738616943 


0.934299111366272 0.9084187150001526 0.7920659184455872 0.13257557153701782 0.4406784176826477 0.441520631313324 
0.7784647345542908 0.8022130131721497 0.4935654401779175 0.38157719373703003 0.8301170468330383 0.3543705344200134 
0.44923877716064453 0.04999089241027832 0.35307812690734863 0.3076186776161194 0.2342274785041809 0.5190690755844116 
0.012863218784332275 0.5177409648895264 0.9516071677207947 0.6063538193702698 0.4868815541267395 0.3555598855018616 
0.3773912787437439 0.38560664653778076 0.038914501667022705 0.5856722593307495 0.3926507234573364 0.5930414795875549 
0.1238013505935669 0.24105310440063477 0.20527923107147217 0.19127637147903442 0.14873087406158447 0.15539836883544922 

0.9796754717826843 0.7324966788291931 0.3759535551071167 0.383955180644989 0.35669034719467163 0.5767408609390259 
0.34280067682266235 0.07954835891723633 0.12840086221694946 0.21051251888275146 0.7581108212471008 0.6467511653900146 
0.3888782262802124 0.9791737198829651 0.6085992455482483 0.6478146910667419 0.9060518145561218 0.6418209671974182 
0.010796308517456055 0.5503243803977966 0.8868972063064575 0.5991290807723999 0.6435296535491943 0.04463636875152588 
0.5825324058532715 0.932026743888855 0.7000035643577576 0.35480213165283203 0.006044209003448486 0.7898738980293274 
0.8023967146873474 0.5902990698814392 0.06538063287734985 0.7434359192848206 0.8267863392829895 0.7432602643966675 

0.12700772285461426 0.47564154863357544 0.09719330072402954 0.31760942935943604 0.030362308025360107 0.8629635572433472 
0.08958035707473755 0.43263643980026245 0.4389601945877075 0.3980984091758728 0.8808466792106628 0.3239983320236206 
0.8369811773300171 0.8357976675033569 0.252604603767395 0.27215713262557983 0.9432746171951294 0.7677491307258606 
0.9873154759407043 0.6115383505821228 0.9546654224395752 0.20568901300430298 0.6990154385566711 0.8702864050865173 
0.7792466878890991 0.15553975105285645 0.16768330335617065 0.6401324272155762 0.28871744871139526 0.028810203075408936 
0.9904064536094666 0.1571905016899109 0.4608258605003357 0.2616490125656128 0.5920653343200684 0.22374367713928223 


0.12207436561584473 0.32263797521591187 0.05571264028549194 0.7373152375221252 0.35579556226730347 0.5499776005744934 
0.6304646134376526 0.9890135526657104 0.8772693872451782 0.8931825757026672 0.7077345252037048 0.1662689447402954 
0.6877047419548035 0.4011076092720032 0.6145794987678528 0.6866661310195923 0.5829257965087891 0.8952977061271667 
0.4227566123008728 0.7258667349815369 0.3011597990989685 0.1722698211669922 0.7364273071289062 0.6525166034698486 
0.16955041885375977 0.3157140016555786 0.1470717191696167 0.517517626285553 0.8570302128791809 0.3321632742881775 
0.35021042823791504 0.20110750198364258 0.9966911673545837 0.4511469006538391 0.3894078731536865 0.8454432487487793 

0.470344603061676 0.6255287528038025 0.128989577293396 0.259036123752594 0.6327569484710693 0.36710894107818604 
0.774030327796936 0.962925136089325 0.9846228957176208 0.7507061958312988 0.868447482585907 0.25054383277893066 
0.7673235535621643 0.7216342091560364 0.9536311626434326 0.1408901810646057 0.7475233674049377 0.12011218070983887 
0.9697977304458618 0.7069123387336731 0.5289177894592285 0.09129196405410767 0.8639571666717529 0.05893927812576294 
0.6611127257347107 0.41829246282577515 0.4191269278526306 0.44748878479003906 0.7835592031478882 0.3983711004257202 
0.13439130783081055 0.9244233965873718 0.3132981061935425 0.471077024936676 0.44263947010040283 0.028814375400543213 

0.311126708984375 0.9985111951828003 0.6460347771644592 0.10319370031356812 0.151547372341156 0.43826210498809814 
0.46501582860946655 0.5196369886398315 0.8585821390151978 0.48525792360305786 0.08467227220535278 0.40858185291290283 
0.525165855884552 0.10196012258529663 0.2132616639137268 0.818481981754303 0.32217174768447876 0.7372360825538635 
0.863394558429718 0.5854806303977966 0.4770447015762329 0.7509391903877258 0.27065402269363403 0.627072811126709 
0.5513457655906677 0.7978048920631409 0.6473233103752136 0.40195631980895996 0.8966474533081055 0.6462863683700562 
0.19418293237686157 0.30770450830459595 0.5902082920074463 0.5396498441696167 0.7460789680480957 0.518372654914856 


0.6850936412811279 0.0650290846824646 0.6838578581809998 0.3538113832473755 0.9664425253868103 0.1969509720802307 
0.0011673569679260254 0.6249725222587585 0.3104989528656006 0.7656583189964294 0.43095409870147705 0.9459371566772461 
0.6848057508468628 0.7637323141098022 0.9976237416267395 0.4437043070793152 0.778073787689209 0.5212081670761108 
0.5189769864082336 0.9358223676681519 0.04178762435913086 0.2735303044319153 0.8133919835090637 0.8044571876525879 
0.769540011882782 0.16273021697998047 0.10757124423980713 0.4033823013305664 0.23860663175582886 0.23249214887619019 
0.47365158796310425 0.8684892654418945 0.4433457851409912 0.2711688280105591 0.21628522872924805 0.22532176971435547 

0.7073245644569397 0.03916335105895996 0.7868613600730896 0.7998351454734802 0.6458192467689514 0.6315712928771973 
0.40646177530288696 0.8979153037071228 0.4537513256072998 0.14300227165222168 0.1969318985939026 0.007370889186859131 
0.31463193893432617 0.8451743125915527 0.22347992658615112 0.4726749658584595 0.4560965895652771 0.6653620004653931 
0.5660187005996704 0.35382747650146484 0.24751275777816772 0.297249436378479 0.0875852108001709 0.9295379519462585 
0.28584831953048706 0.47076576948165894 0.4413849115371704 0.47555190324783325 0.8820425271987915 0.4295957088470459 
0.6586928367614746 0.3047013282775879 0.4717278480529785 0.12627094984054565 0.6555261015892029 0.3766689896583557 

0.6874775886535645 0.686626672744751 0.8922873139381409 0.7602012157440186 0.7382111549377441 0.12019485235214233 
0.5524377822875977 0.7200582027435303 0.5451585054397583 0.6948538422584534 0.4125863313674927 0.4373076558113098 
0.436823308467865 0.8515654802322388 0.8108759522438049 0.652330756187439 0.587099552154541 0.46937745809555054 
0.902974545955658 0.24700778722763062 0.7645565271377563 0.18741321563720703 0.060197532176971436 0.8222069144248962 
0.009547233581542969 0.5215424299240112 0.18510288000106812 0.5790301561355591 0.7869862914085388 0.06033283472061157 
0.8432940244674683 0.8694116473197937 0.9216873049736023 0.3570554852485657 0.29019999504089355 0.4176987409591675 


0.7715422511100769 0.6148138642311096 0.5769204497337341 0.5720349550247192 0.44387805461883545 0.4546310305595398 
0.1547597050666809 0.3911048173904419 0.7249506115913391 0.4964591860771179 0.16614621877670288 0.3084278702735901 
0.2660856246948242 0.24039006233215332 0.3806570768356323 0.13870185613632202 0.9466472268104553 0.24743491411209106 
0.7612062096595764 0.06424456834793091 0.1860857605934143 0.788831353187561 0.5329847931861877 0.5574115514755249 
0.9273106455802917 0.3587574362754822 0.9471958875656128 0.9853208065032959 0.09148067235946655 0.947843611240387 
0.5057218670845032 0.44155335426330566 0.3342706561088562 0.06715106964111328 0.8566979765892029 0.4264500141143799 

0.7765887379646301 0.7822045087814331 0.5470980405807495 0.7006192803382874 0.89119952917099 0.6353147625923157 
0.31259554624557495 0.23003703355789185 0.4151695966720581 0.09594845771789551 0.6714666485786438 0.7240386009216309 
0.2029929757118225 0.1613054871559143 0.43799328804016113 0.7437024712562561 0.7060301303863525 0.9780337810516357 
0.953228771686554 0.14610916376113892 0.711746335029602 0.035826921463012695 0.9141563177108765 0.2130296230316162 
0.5241210460662842 0.05287069082260132 0.19593912363052368 0.8287897109985352 0.21133571863174438 0.6619417667388916 
0.2917366027832031 0.5189199447631836 0.911664605140686 0.14282077550888062 0.38852280378341675 0.9970785975456238 

0.5891984701156616 0.6747312545776367 0.654280960559845 0.3668407201766968 0.5624989867210388 0.3030574917793274 
0.7633616924285889 0.4473842978477478 0.032363295555114746 0.22093576192855835 0.9767158031463623 0.6762511730194092 
0.6116154789924622 0.6452000141143799 0.5913038849830627 0.8997302651405334 0.5699844360351562 0.17933803796768188 
0.6874082684516907 0.5478662848472595 0.7543442249298096 0.6498293876647949 0.2992359399795532 0.5420119166374207 
0.688722550868988 0.6031240820884705 0.03172492980957031 0.28773897886276245 0.11152857542037964 0.437311589717865 
0.1119222640991211 0.9576895833015442 0.11589407920837402 0.4808691143989563 0.1869087815284729 0.6002028584480286 


0.15040498971939087 0.6950831413269043 0.6394628882408142 0.958718478679657 0.8715875744819641 0.59721839427948 
0.3625679612159729 0.3562481999397278 0.6212772727012634 0.759122371673584 0.2998995780944824 0.07383543252944946 
0.7085317373275757 0.6802262663841248 0.8164530396461487 0.12510406970977783 0.3797260522842407 0.6964147686958313 
0.4782536029815674 0.8850592374801636 0.6999710202217102 0.05480349063873291 0.4176042079925537 0.786187469959259 
0.9322949051856995 0.29161369800567627 0.8371102213859558 0.7639636993408203 0.26596760749816895 0.9029086828231812 
0.3112810254096985 0.5084865689277649 0.0051857829093933105 0.3190240263938904 0.050345420837402344 0.2589881420135498 

0.8633573651313782 0.560808539390564 0.586467981338501 0.2825504541397095 0.8728850483894348 0.7424291372299194 
0.43011510372161865 0.4376753568649292 0.8149247765541077 0.387935996055603 0.8969916701316833 0.9229341149330139 
0.5279377698898315 0.7463141083717346 0.5242294073104858 0.7089565992355347 0.9637681841850281 0.44601231813430786 
0.6527720093727112 0.9923628568649292 0.14914745092391968 0.08569836616516113 0.016827881336212158 0.000675499439239502 
0.8235089182853699 0.7471404671669006 0.3120797276496887 0.7214543223381042 0.9600571990013123 0.052410125732421875 
0.6829219460487366 0.11119955778121948 0.6572780609130859 0.6995225548744202 0.03602522611618042 0.6884210705757141 

0.053652048110961914 0.5636253952980042 0.877048134803772 0.15200746059417725 0.4251060485839844 0.23431521654129028 
0.1554514765739441 0.26915454864501953 0.5574870705604553 0.09451836347579956 0.045020103454589844 0.40307754278182983 
0.17052584886550903 0.6277151107788086 0.9807430505752563 0.2177586555480957 0.819985032081604 0.290169358253479 
0.1424790620803833 0.8603044748306274 0.6103733777999878 0.8747774958610535 0.0676647424697876 0.10478073358535767 
0.4809034466743469 0.2572856545448303 0.556506872177124 0.19837361574172974 0.40470629930496216 0.3221971392631531 
0.8054607510566711 0.17220377922058105 0.7467865347862244 0.2994898557662964 0.6337788701057434 0.5533685088157654 


0.5015770196914673 0.09588199853897095 0.7754614949226379 0.9940124154090881 0.5653883218765259 0.33244258165359497 
0.5575304627418518 0.5413221120834351 0.916970431804657 0.18212926387786865 0.05402153730392456 0.27613556385040283 
0.4458951950073242 0.4747198820114136 0.2003011703491211 0.19683116674423218 0.06388664245605469 0.4857628345489502 
0.7215393781661987 0.03168749809265137 0.22183632850646973 0.34111666679382324 0.14723080396652222 0.2716051936149597 
0.387412428855896 0.454359233379364 0.5981963872909546 0.461700975894928 0.6804870367050171 0.9635650515556335 
0.9319623112678528 0.7912484407424927 0.36379462480545044 0.5715434551239014 0.3583834171295166 0.7408801913261414 

0.5665491223335266 0.7973729968070984 0.31047582626342773 0.3186545968055725 0.8341926336288452 0.4898372292518616 
0.08326953649520874 0.6862781047821045 0.7909314632415771 0.6050868630409241 0.6532050967216492 0.6950658559799194 
0.7368732690811157 0.5502333045005798 0.6563454866409302 0.1075168251991272 0.6505722403526306 0.8429728746414185 
0.22660428285598755 0.9655449390411377 0.16112148761749268 0.8522108793258667 0.2403024435043335 0.5653447508811951 
0.41292065382003784 0.6025565266609192 0.0629388689994812 0.2821829319000244 0.7039302587509155 0.11192017793655396 
0.5267922878265381 0.587665319442749 0.3695261478424072 0.43119680881500244 0.8358216881752014 0.8110186457633972 

0.8527175784111023 0.34909361600875854 0.9382984042167664 0.24407559633255005 0.2709276080131531 0.2425212264060974 
0.35562586784362793 0.8541216850280762 0.5804021954536438 0.8583168983459473 0.2752227187156677 0.3389119505882263 
0.5441187024116516 0.7458081841468811 0.3170812726020813 0.576202392578125 0.6898790597915649 0.3598976731300354 
0.4571450352668762 0.6822947263717651 0.8813977837562561 0.048672497272491455 0.05626559257507324 0.5384864211082458 
0.8194157481193542 0.8119286894798279 0.6518233418464661 0.9999236464500427 0.0026031136512756348 0.5865413546562195 
0.8551605343818665 0.3492950201034546 0.6216342449188232 0.1113855242729187 0.8197614550590515 0.9729057550430298 



